2
SW11
2
DS333
10
6
1
0
1
2
1
2
3
2
3
4
2
4
5
1
5
6
0
6
6
1
0
7
2
1
8
3
2
9
4
2
10
5
1
11
6
0
12
6
1
0
13
2
1
14
3
2
15
4
2
16
5
1
17
6
0
18
6
1
0
19
2
1
20
3
2
21
4
2
22
5
1
23
6
0
24
6
1
0
25
2
1
26
3
2
27
4
2
28
5
1
29
6
0
30
6
1
0
31
2
1
32
3
2
33
4
2
34
5
1
35
6
0
36
6
1
0
37
2
1
38
3
2
39
4
2
40
5
1
41
6
0
42
6
1
0
43
2
1
44
3
2
45
4
2
46
5
1
47
6
0
48
6
1
0
49
2
1
50
3
2
51
4
2
52
5
1
53
6
0
54
6
1
0
55
2
1
56
3
2
57
4
2
58
5
1
59
6
0
60
8
DS333111
2
Deepti
13
 1
20
500
0
Yash
37
 3
10
0
0
500
DS333112
3
Ravi
33
 1
19
400
0
Ankit
77
 2
22
700
0
Pranav
12
 1
21
600
0
1700
DS333113
1
Bhavesh
99
 1
8
0
0
0
DS333114
2
Darshika
25
 2
17
200
0
Piyush
20
 2
19
400
0
600
DS333115
1
Aswini
10
 1
24
900
0
900
DS333116
4
Madhur
20
 2
22
700
0
Krithik
12
 1
10
0
0
Yashwanth
77
 2
19
400
0
Praveen
14
 2
2
0
0
1100
DS333117
1
Raj
2
 2
9
0
0
0
DS333118
1
Sudhakar
34
 3
3
0
0
0
DS445
10
6
1
0
1
2
1
2
3
2
3
4
2
4
5
1
5
6
0
6
6
1
0
7
2
1
8
3
2
9
4
2
10
5
1
11
6
0
12
6
1
0
13
2
1
14
3
2
15
4
2
16
5
1
17
6
0
18
6
1
0
19
2
1
20
3
2
21
4
2
22
5
1
23
6
0
24
6
1
0
25
2
1
26
3
2
27
4
2
28
5
1
29
6
0
30
6
1
0
31
2
1
32
3
2
33
4
2
34
5
1
35
6
0
36
6
1
0
37
2
1
38
3
2
39
4
2
40
5
1
41
6
0
42
6
1
0
43
2
1
44
3
2
45
4
2
46
5
1
47
6
0
48
6
1
0
49
2
1
50
3
2
51
4
2
52
5
1
53
6
0
54
6
1
0
55
2
1
56
3
2
57
4
2
58
5
1
59
6
0
60
2
DS445550
2
Uttam
25
 2
2
0
0
Jyoti
61
 2
20
500
0
500
DS445551
1
Rohan
88
 2
33
1800
0
1800
SW22
1
FF444
10
6
1
0
1
2
1
2
3
2
3
4
2
4
5
1
5
6
0
6
6
1
0
7
2
1
8
3
2
9
4
2
10
5
1
11
6
0
12
6
1
0
13
2
1
14
3
2
15
4
2
16
5
1
17
6
0
18
6
1
0
19
2
1
20
3
2
21
4
2
22
5
1
23
6
0
24
6
1
0
25
2
1
26
3
2
27
4
2
28
5
1
29
6
0
30
6
1
0
31
2
1
32
3
2
33
4
2
34
5
1
35
6
0
36
6
1
0
37
2
1
38
3
2
39
4
2
40
5
1
41
6
0
42
6
1
0
43
2
1
44
3
2
45
4
2
46
5
1
47
6
0
48
6
1
0
49
2
1
50
3
2
51
4
2
52
5
1
53
6
0
54
6
1
0
55
2
1
56
3
2
57
4
2
58
5
1
59
6
0
60
1
FF444333
1
Rohit
23
 1
2
0
0
0
